%YAML:1.0
---
camera_matrix: !!opencv-matrix
   rows: 3
   cols: 3
   dt: d
   data: [ 5.5048690683512405e+03, 0., 2.0193464413890683e+03, 0.,
       5.5587242537896718e+03, 1.8861881730245334e+03, 0., 0., 1. ]
dist_coeff: !!opencv-matrix
   rows: 1
   cols: 5
   dt: d
   data: [ 4.9133455748570969e-02, -1.9384724954585231e-01,
       8.6421754548350899e-03, 1.4777498837145685e-03,
       3.5846643611665732e+00 ]
