%YAML:1.0
---
camera_matrix: !!opencv-matrix
   rows: 3
   cols: 3
   dt: d
   data: [ 1.2090399865406430e+03, 0., 9.6099112749183018e+02, 0.,
       1.2019666512220592e+03, 5.3018621777639794e+02, 0., 0., 1. ]
dist_coeff: !!opencv-matrix
   rows: 1
   cols: 5
   dt: d
   data: [ -2.8038080334675929e-02, -5.2270397540259073e-01,
       5.8768501507807888e-04, -8.8622226436583075e-04,
       1.6160278010522748e+00 ]
